1	0,000000E+0	8.79E+03	-9.77E-02
2	1.00E+04	4.93E+05	2.32E+01
3	2.00E+04	5.17E+05	2.30E+01
4	3.00E+04	5.07E+05	2.31E+01
5	4.00E+04	4.95E+05	2.32E+01
6	5.00E+04	5.19E+05	2.30E+01
7	6.00E+04	5.01E+05	2.32E+01
8	7.00E+04	4.99E+05	2.33E+01
9	8.00E+04	5.05E+05	2.30E+01
10	9.00E+04	5.17E+05	2.32E+01
11	1.00E+05	4.91E+05	2.31E+01
12	1.10E+05	5.01E+05	2.32E+01
13	1.20E+05	5.15E+05	2.32E+01
14	1.30E+05	5.13E+05	2.32E+01
15	1.40E+05	5.01E+05	2.32E+01
16	1.50E+05	4.95E+05	2.33E+01
17	1.60E+05	5.03E+05	2.32E+01
18	1.70E+05	5.17E+05	2.32E+01
19	1.80E+05	4.95E+05	2.34E+01
20	1.90E+05	5.13E+05	2.32E+01
21	2.00E+05	5.07E+05	2.33E+01
22	2.10E+05	5.07E+05	2.30E+01
23	2.20E+05	5.03E+05	2.33E+01
24	2.30E+05	5.17E+05	2.30E+01
25	2.40E+05	5.05E+05	2.32E+01
26	2.50E+05	5.17E+05	2.31E+01
27	2.60E+05	4.89E+05	2.33E+01
28	2.70E+05	5.05E+05	2.32E+01
29	2.80E+05	5.05E+05	2.32E+01
30	2.90E+05	5.26E+05	2.33E+01
31	3.00E+05	4.91E+05	2.34E+01
32	3.10E+05	4.95E+05	2.33E+01
33	3.20E+05	5.13E+05	2.32E+01
34	3.30E+05	5.09E+05	2.31E+01
35	3.40E+05	4.95E+05	2.33E+01
36	3.50E+05	5.03E+05	2.34E+01
37	3.60E+05	5.11E+05	2.32E+01
38	3.70E+05	4.93E+05	2.33E+01
39	3.80E+05	4.99E+05	2.35E+01
40	3.90E+05	5.11E+05	2.32E+01
41	4.00E+05	4.97E+05	2.33E+01
42	4.10E+05	5.01E+05	2.33E+01
43	4.20E+05	5.11E+05	2.32E+01
44	4.30E+05	4.93E+05	2.33E+01
45	4.40E+05	5.03E+05	2.32E+01
46	4.50E+05	5.07E+05	2.33E+01
47	4.60E+05	5.09E+05	2.32E+01
48	4.70E+05	5.09E+05	2.33E+01
49	4.80E+05	5.09E+05	2.32E+01
50	4.90E+05	5.11E+05	2.33E+01
51	5.00E+05	5.19E+05	2.31E+01
52	5.10E+05	5.01E+05	2.33E+01
53	5.20E+05	5.07E+05	2.33E+01
54	5.30E+05	5.13E+05	2.30E+01
55	5.40E+05	5.11E+05	2.33E+01
56	5.50E+05	5.21E+05	2.33E+01
57	5.60E+05	4.95E+05	2.34E+01
58	5.70E+05	4.95E+05	2.32E+01
59	5.80E+05	4.95E+05	2.32E+01
60	5.90E+05	5.15E+05	2.32E+01
61	6.00E+05	4.93E+05	2.33E+01
62	6.10E+05	5.01E+05	2.32E+01
63	6.20E+05	5.11E+05	2.33E+01
64	6.30E+05	5.19E+05	2.33E+01
65	6.40E+05	5.17E+05	2.32E+01
66	6.50E+05	5.11E+05	2.31E+01
67	6.60E+05	5.05E+05	2.32E+01
68	6.70E+05	5.05E+05	2.32E+01
69	6.80E+05	4.97E+05	2.35E+01
70	6.90E+05	5.19E+05	2.32E+01
71	7.00E+05	5.01E+05	2.32E+01
72	7.10E+05	4.97E+05	2.32E+01
73	7.20E+05	5.13E+05	2.33E+01
74	7.30E+05	4.99E+05	2.31E+01
75	7.40E+05	5.09E+05	2.30E+01
76	7.50E+05	5.11E+05	2.32E+01
77	7.60E+05	4.97E+05	2.32E+01
78	7.70E+05	4.89E+05	2.32E+01
79	7.80E+05	5.01E+05	2.32E+01
80	7.90E+05	5.05E+05	2.32E+01
81	8.00E+05	5.09E+05	2.32E+01
82	8.10E+05	4.99E+05	2.33E+01
83	8.20E+05	5.05E+05	2.33E+01
84	8.30E+05	4.99E+05	2.33E+01
85	8.40E+05	5.11E+05	2.32E+01
86	8.50E+05	5.11E+05	2.32E+01
87	8.60E+05	5.28E+05	2.31E+01
88	8.70E+05	5.15E+05	2.33E+01
89	8.80E+05	4.91E+05	2.34E+01
90	8.90E+05	5.15E+05	2.33E+01
91	9.00E+05	5.05E+05	2.33E+01
92	9.10E+05	5.15E+05	2.31E+01
93	9.20E+05	5.07E+05	2.32E+01
94	9.30E+05	5.15E+05	2.31E+01
95	9.40E+05	5.01E+05	2.31E+01
96	9.50E+05	5.09E+05	2.34E+01
97	9.60E+05	5.17E+05	2.31E+01
98	9.70E+05	4.99E+05	2.34E+01
99	9.80E+05	5.07E+05	2.31E+01
100	9.90E+05	5.09E+05	2.32E+01
101	1.00E+06	5.11E+05	2.32E+01
102	1.01E+06	4.95E+05	2.34E+01
103	1.02E+06	5.01E+05	2.33E+01
104	1.03E+06	5.19E+05	2.32E+01
105	1.04E+06	5.05E+05	2.32E+01
106	1.05E+06	5.11E+05	2.32E+01
107	1.06E+06	5.07E+05	2.30E+01
108	1.07E+06	5.05E+05	2.33E+01
109	1.08E+06	5.07E+05	2.32E+01
110	1.09E+06	5.17E+05	2.33E+01
111	1.10E+06	5.25E+05	2.33E+01
112	1.11E+06	5.03E+05	2.34E+01
113	1.12E+06	4.95E+05	2.33E+01
114	1.13E+06	5.15E+05	2.33E+01
115	1.14E+06	4.93E+05	2.33E+01
116	1.15E+06	4.91E+05	2.33E+01
117	1.16E+06	5.09E+05	2.32E+01
118	1.17E+06	4.99E+05	2.33E+01
119	1.18E+06	5.13E+05	2.32E+01
120	1.19E+06	5.19E+05	2.33E+01
121	1.20E+06	5.05E+05	2.33E+01
122	1.21E+06	5.09E+05	2.31E+01
123	1.22E+06	5.03E+05	2.33E+01
124	1.23E+06	5.05E+05	2.30E+01
125	1.24E+06	5.05E+05	2.32E+01
126	1.25E+06	5.13E+05	2.32E+01
127	1.26E+06	5.07E+05	2.32E+01
128	1.27E+06	4.93E+05	2.33E+01
129	1.28E+06	5.05E+05	2.33E+01
130	1.29E+06	5.09E+05	2.33E+01
131	1.30E+06	5.05E+05	2.33E+01
132	1.31E+06	4.95E+05	2.32E+01
133	1.32E+06	5.15E+05	2.32E+01
134	1.33E+06	5.05E+05	2.33E+01
135	1.34E+06	4.99E+05	2.33E+01
136	1.35E+06	5.19E+05	2.32E+01
137	1.36E+06	5.09E+05	2.33E+01
138	1.37E+06	5.01E+05	2.33E+01
139	1.38E+06	5.07E+05	2.31E+01
140	1.39E+06	5.15E+05	2.33E+01
141	1.40E+06	5.01E+05	2.33E+01
142	1.41E+06	5.03E+05	2.33E+01
143	1.42E+06	5.09E+05	2.35E+01
144	1.43E+06	4.99E+05	2.32E+01
145	1.44E+06	5.05E+05	2.33E+01
146	1.45E+06	4.91E+05	2.33E+01
147	1.46E+06	4.95E+05	2.35E+01
148	1.47E+06	5.05E+05	2.33E+01
149	1.48E+06	5.01E+05	2.34E+01
150	1.49E+06	5.05E+05	2.33E+01
151	1.50E+06	5.11E+05	2.33E+01
152	1.51E+06	5.05E+05	2.33E+01
153	1.52E+06	5.11E+05	2.32E+01
154	1.53E+06	5.01E+05	2.32E+01
155	1.54E+06	5.13E+05	2.32E+01
156	1.55E+06	5.09E+05	2.31E+01
157	1.56E+06	5.13E+05	2.30E+01
158	1.57E+06	4.95E+05	2.32E+01
159	1.58E+06	5.09E+05	2.32E+01
160	1.59E+06	5.11E+05	2.33E+01
161	1.60E+06	5.19E+05	2.32E+01
162	1.61E+06	5.05E+05	2.32E+01
163	1.62E+06	5.07E+05	2.32E+01
164	1.63E+06	4.97E+05	2.31E+01
165	1.64E+06	4.95E+05	2.32E+01
166	1.65E+06	5.09E+05	2.32E+01
167	1.66E+06	4.99E+05	2.33E+01
168	1.67E+06	5.13E+05	2.32E+01
169	1.68E+06	5.11E+05	2.32E+01
170	1.69E+06	5.07E+05	2.32E+01
171	1.70E+06	4.95E+05	2.32E+01
172	1.71E+06	5.17E+05	2.32E+01
173	1.72E+06	4.93E+05	2.33E+01
174	1.73E+06	4.97E+05	2.33E+01
175	1.74E+06	5.11E+05	2.33E+01
176	1.75E+06	4.99E+05	2.33E+01
177	1.76E+06	5.07E+05	2.31E+01
178	1.77E+06	5.11E+05	2.33E+01
179	1.78E+06	5.03E+05	2.33E+01
180	1.79E+06	5.13E+05	2.33E+01
181	1.80E+06	4.95E+05	2.33E+01
182	1.81E+06	5.15E+05	2.33E+01
183	1.82E+06	5.15E+05	2.33E+01
184	1.83E+06	5.01E+05	2.32E+01
185	1.84E+06	5.07E+05	2.33E+01
186	1.85E+06	5.05E+05	2.33E+01
187	1.86E+06	4.97E+05	2.32E+01
188	1.87E+06	5.05E+05	2.32E+01
189	1.88E+06	4.95E+05	2.33E+01
190	1.89E+06	4.95E+05	2.34E+01
191	1.90E+06	5.09E+05	2.32E+01
192	1.91E+06	4.91E+05	2.32E+01
193	1.92E+06	5.09E+05	2.33E+01
194	1.93E+06	5.32E+05	2.32E+01
195	1.94E+06	4.93E+05	2.33E+01
196	1.95E+06	5.01E+05	2.33E+01
197	1.96E+06	5.11E+05	2.32E+01
198	1.97E+06	5.01E+05	2.32E+01
199	1.98E+06	4.99E+05	2.33E+01
200	1.99E+06	5.13E+05	2.32E+01
201	2.00E+06	5.03E+05	2.32E+01
202	2.01E+06	4.91E+05	2.33E+01
203	2.02E+06	5.07E+05	2.32E+01
204	2.03E+06	4.95E+05	2.33E+01
205	2.04E+06	5.05E+05	2.32E+01
206	2.05E+06	5.07E+05	2.33E+01
207	2.06E+06	5.03E+05	2.32E+01
208	2.07E+06	4.93E+05	2.33E+01
209	2.08E+06	5.11E+05	2.32E+01
210	2.09E+06	5.05E+05	2.33E+01
211	2.10E+06	5.15E+05	2.31E+01
212	2.11E+06	5.13E+05	2.32E+01
213	2.12E+06	5.07E+05	2.33E+01
214	2.13E+06	5.11E+05	2.33E+01
215	2.14E+06	5.19E+05	2.33E+01
216	2.15E+06	5.13E+05	2.32E+01
217	2.16E+06	5.01E+05	2.32E+01
218	2.17E+06	4.93E+05	2.32E+01
219	2.18E+06	5.11E+05	2.30E+01
220	2.19E+06	5.09E+05	2.33E+01
221	2.20E+06	5.13E+05	2.31E+01
222	2.21E+06	5.03E+05	2.33E+01
223	2.22E+06	5.17E+05	2.32E+01
224	2.23E+06	5.15E+05	2.32E+01
225	2.24E+06	5.11E+05	2.32E+01
226	2.25E+06	5.11E+05	2.33E+01
227	2.26E+06	5.19E+05	2.33E+01
228	2.27E+06	5.01E+05	2.34E+01
229	2.28E+06	5.09E+05	2.32E+01
230	2.29E+06	5.15E+05	2.33E+01
231	2.30E+06	4.99E+05	2.32E+01
232	2.31E+06	5.01E+05	2.32E+01
233	2.32E+06	5.15E+05	2.33E+01
234	2.33E+06	5.03E+05	2.32E+01
235	2.34E+06	5.07E+05	2.32E+01
236	2.35E+06	5.03E+05	2.32E+01
237	2.36E+06	4.93E+05	2.33E+01
238	2.37E+06	5.01E+05	2.30E+01
239	2.38E+06	5.03E+05	2.32E+01
240	2.39E+06	5.05E+05	2.33E+01
241	2.40E+06	4.99E+05	2.32E+01
242	2.41E+06	5.13E+05	2.32E+01
243	2.42E+06	5.15E+05	2.32E+01
244	2.43E+06	5.03E+05	2.33E+01
245	2.44E+06	5.01E+05	2.32E+01
246	2.45E+06	5.03E+05	2.32E+01
247	2.46E+06	5.01E+05	2.32E+01
248	2.47E+06	5.17E+05	2.32E+01
249	2.48E+06	5.03E+05	2.33E+01
250	2.49E+06	5.09E+05	2.33E+01
251	2.50E+06	5.05E+05	2.32E+01
252	2.51E+06	5.15E+05	2.34E+01
253	2.52E+06	4.97E+05	2.33E+01
254	2.53E+06	5.01E+05	2.32E+01
255	2.54E+06	5.05E+05	2.32E+01
256	2.55E+06	5.01E+05	2.33E+01
257	2.56E+06	5.09E+05	2.32E+01
258	2.57E+06	5.11E+05	2.31E+01
259	2.58E+06	5.07E+05	2.34E+01
260	2.59E+06	5.11E+05	2.32E+01
261	2.60E+06	5.03E+05	2.32E+01
262	2.61E+06	4.99E+05	2.33E+01
263	2.62E+06	5.09E+05	2.33E+01
264	2.63E+06	5.11E+05	2.32E+01
265	2.64E+06	5.03E+05	2.33E+01
266	2.65E+06	5.05E+05	2.31E+01
267	2.66E+06	4.95E+05	2.34E+01
268	2.67E+06	4.93E+05	2.33E+01
269	2.68E+06	5.09E+05	2.32E+01
270	2.69E+06	5.03E+05	2.33E+01
271	2.70E+06	4.97E+05	2.33E+01
272	2.71E+06	4.95E+05	2.32E+01
273	2.72E+06	5.09E+05	2.33E+01
274	2.73E+06	5.11E+05	2.32E+01
275	2.74E+06	5.11E+05	2.32E+01
276	2.75E+06	4.99E+05	2.32E+01
277	2.76E+06	5.09E+05	2.32E+01
278	2.77E+06	5.03E+05	2.32E+01
279	2.78E+06	5.09E+05	2.33E+01
280	2.79E+06	5.11E+05	2.32E+01
281	2.80E+06	5.03E+05	2.34E+01
282	2.81E+06	5.03E+05	2.33E+01
283	2.82E+06	5.11E+05	2.34E+01
284	2.83E+06	5.07E+05	2.32E+01
285	2.84E+06	5.03E+05	2.32E+01
286	2.85E+06	4.97E+05	2.32E+01
287	2.86E+06	4.97E+05	2.33E+01
288	2.87E+06	5.11E+05	2.33E+01
289	2.88E+06	5.11E+05	2.32E+01
290	2.89E+06	5.19E+05	2.33E+01
291	2.90E+06	5.03E+05	2.33E+01
292	2.91E+06	5.11E+05	2.31E+01
293	2.92E+06	5.13E+05	2.33E+01
294	2.93E+06	4.97E+05	2.33E+01
295	2.94E+06	5.01E+05	2.32E+01
296	2.95E+06	5.23E+05	2.32E+01
297	2.96E+06	5.01E+05	2.32E+01
298	2.97E+06	5.09E+05	2.31E+01
299	2.98E+06	5.07E+05	2.32E+01
300	2.99E+06	5.03E+05	2.32E+01
301	3.00E+06	5.11E+05	2.32E+01
302	3.01E+06	5.09E+05	2.32E+01
303	3.02E+06	4.99E+05	2.32E+01
304	3.03E+06	4.93E+05	2.32E+01
305	3.04E+06	5.07E+05	2.33E+01
306	3.05E+06	5.05E+05	2.33E+01
307	3.06E+06	5.01E+05	2.32E+01
308	3.07E+06	5.11E+05	2.33E+01
309	3.08E+06	5.07E+05	2.32E+01
310	3.09E+06	5.09E+05	2.33E+01
311	3.10E+06	5.15E+05	2.32E+01
312	3.11E+06	5.07E+05	2.30E+01
313	3.12E+06	5.13E+05	2.33E+01
314	3.13E+06	5.11E+05	2.32E+01
315	3.14E+06	5.05E+05	2.33E+01
316	3.15E+06	5.01E+05	2.33E+01
317	3.16E+06	5.01E+05	2.32E+01
318	3.17E+06	4.93E+05	2.33E+01
319	3.18E+06	5.05E+05	2.32E+01
320	3.19E+06	5.15E+05	2.33E+01
321	3.20E+06	5.15E+05	2.32E+01
322	3.21E+06	5.01E+05	2.33E+01
323	3.22E+06	5.05E+05	2.33E+01
324	3.23E+06	5.13E+05	2.31E+01
325	3.24E+06	4.93E+05	2.32E+01
326	3.25E+06	5.03E+05	2.32E+01
327	3.26E+06	5.03E+05	2.33E+01
328	3.27E+06	4.93E+05	2.32E+01
329	3.28E+06	5.21E+05	2.34E+01
330	3.29E+06	5.26E+05	2.33E+01
331	3.30E+06	5.09E+05	2.32E+01
332	3.31E+06	4.99E+05	2.32E+01
333	3.32E+06	5.01E+05	2.33E+01
334	3.33E+06	5.09E+05	2.33E+01
335	3.34E+06	5.05E+05	2.32E+01
336	3.35E+06	4.87E+05	2.34E+01
337	3.36E+06	5.05E+05	2.32E+01
338	3.37E+06	5.13E+05	2.32E+01
339	3.38E+06	5.09E+05	2.33E+01
340	3.39E+06	5.11E+05	2.33E+01
341	3.40E+06	5.15E+05	2.32E+01
342	3.41E+06	5.13E+05	2.32E+01
343	3.42E+06	5.01E+05	2.33E+01
344	3.43E+06	5.17E+05	2.30E+01
345	3.44E+06	5.07E+05	2.33E+01
346	3.45E+06	5.09E+05	2.33E+01
347	3.46E+06	5.05E+05	2.32E+01
348	3.47E+06	5.05E+05	2.34E+01
349	3.48E+06	5.09E+05	2.32E+01
350	3.49E+06	5.09E+05	2.33E+01
351	3.50E+06	5.09E+05	2.33E+01
352	3.51E+06	5.01E+05	2.35E+01
353	3.52E+06	5.15E+05	2.32E+01
354	3.53E+06	5.09E+05	2.34E+01
355	3.54E+06	4.84E+05	2.33E+01
356	3.55E+06	4.95E+05	2.33E+01
357	3.56E+06	5.17E+05	2.32E+01
358	3.57E+06	4.95E+05	2.34E+01
359	3.58E+06	5.01E+05	2.34E+01
360	3.59E+06	4.99E+05	2.32E+01
361	3.60E+06	4.97E+05	2.31E+01
362	3.61E+06	5.01E+05	2.32E+01
363	3.62E+06	4.99E+05	2.35E+01
364	3.63E+06	5.07E+05	2.34E+01
365	3.64E+06	5.15E+05	2.33E+01
366	3.65E+06	5.09E+05	2.32E+01
367	3.66E+06	5.03E+05	2.31E+01
368	3.67E+06	5.01E+05	2.32E+01
369	3.68E+06	4.97E+05	2.34E+01
370	3.69E+06	5.25E+05	2.32E+01
371	3.70E+06	5.26E+05	2.32E+01
372	3.71E+06	5.03E+05	2.32E+01
373	3.72E+06	5.01E+05	2.33E+01
374	3.73E+06	5.15E+05	2.32E+01
375	3.74E+06	5.09E+05	2.32E+01
376	3.75E+06	5.13E+05	2.32E+01
377	3.76E+06	5.05E+05	2.34E+01
378	3.77E+06	5.11E+05	2.32E+01
379	3.78E+06	5.03E+05	2.32E+01
380	3.79E+06	5.03E+05	2.33E+01
381	3.80E+06	5.07E+05	2.32E+01
382	3.81E+06	5.17E+05	2.33E+01
383	3.82E+06	5.01E+05	2.34E+01
384	3.83E+06	5.07E+05	2.32E+01
385	3.84E+06	5.03E+05	2.32E+01
386	3.85E+06	5.05E+05	2.33E+01
387	3.86E+06	5.05E+05	2.33E+01
388	3.87E+06	5.09E+05	2.32E+01
389	3.88E+06	4.93E+05	2.33E+01
390	3.89E+06	5.21E+05	2.32E+01
391	3.90E+06	5.03E+05	2.33E+01
392	3.91E+06	5.21E+05	2.32E+01
393	3.92E+06	5.13E+05	2.32E+01
394	3.93E+06	5.17E+05	2.32E+01
395	3.94E+06	5.07E+05	2.32E+01
396	3.95E+06	4.99E+05	2.32E+01
397	3.96E+06	4.97E+05	2.33E+01
398	3.97E+06	5.05E+05	2.33E+01
399	3.98E+06	5.05E+05	2.31E+01
400	3.99E+06	5.17E+05	2.32E+01
401	4.00E+06	5.05E+05	2.32E+01
402	4.01E+06	4.93E+05	2.32E+01
403	4.02E+06	5.19E+05	2.33E+01
404	4.03E+06	5.11E+05	2.32E+01
405	4.04E+06	4.93E+05	2.33E+01
406	4.05E+06	5.13E+05	2.32E+01
407	4.06E+06	5.15E+05	2.32E+01
408	4.07E+06	5.09E+05	2.32E+01
409	4.08E+06	5.07E+05	2.33E+01
410	4.09E+06	5.19E+05	2.32E+01
411	4.10E+06	5.11E+05	2.32E+01
412	4.11E+06	5.15E+05	2.31E+01
413	4.12E+06	5.11E+05	2.32E+01
414	4.13E+06	4.99E+05	2.33E+01
415	4.14E+06	5.13E+05	2.33E+01
416	4.15E+06	5.07E+05	2.32E+01
417	4.16E+06	5.01E+05	2.32E+01
418	4.17E+06	5.21E+05	2.32E+01
419	4.18E+06	5.11E+05	2.31E+01
420	4.19E+06	5.09E+05	2.33E+01
421	4.20E+06	5.11E+05	2.31E+01
422	4.21E+06	4.97E+05	2.33E+01
423	4.22E+06	5.15E+05	2.31E+01
424	4.23E+06	4.97E+05	2.33E+01
425	4.24E+06	5.05E+05	2.33E+01
426	4.25E+06	5.09E+05	2.32E+01
427	4.26E+06	4.93E+05	2.32E+01
428	4.27E+06	5.13E+05	2.33E+01
429	4.28E+06	5.11E+05	2.32E+01
430	4.29E+06	5.07E+05	2.33E+01
431	4.30E+06	5.05E+05	2.33E+01
432	4.31E+06	5.03E+05	2.32E+01
433	4.32E+06	5.07E+05	2.32E+01
434	4.33E+06	5.01E+05	2.33E+01
435	4.34E+06	5.03E+05	2.32E+01
436	4.35E+06	5.15E+05	2.32E+01
437	4.36E+06	4.97E+05	2.32E+01
438	4.37E+06	5.07E+05	2.33E+01
439	4.38E+06	5.01E+05	2.32E+01
440	4.39E+06	5.17E+05	2.32E+01
441	4.40E+06	5.05E+05	2.33E+01
442	4.41E+06	4.97E+05	2.33E+01
443	4.42E+06	5.09E+05	2.33E+01
444	4.43E+06	5.15E+05	2.32E+01
445	4.44E+06	5.11E+05	2.32E+01
446	4.45E+06	4.99E+05	2.33E+01
447	4.46E+06	5.03E+05	2.33E+01
448	4.47E+06	4.99E+05	2.33E+01
449	4.48E+06	5.11E+05	2.33E+01
450	4.49E+06	4.95E+05	2.33E+01
451	4.50E+06	5.03E+05	2.33E+01
452	4.51E+06	4.93E+05	2.32E+01
453	4.52E+06	5.13E+05	2.33E+01
454	4.53E+06	5.03E+05	2.33E+01
455	4.54E+06	4.97E+05	2.32E+01
456	4.55E+06	4.97E+05	2.34E+01
457	4.56E+06	5.19E+05	2.31E+01
458	4.57E+06	4.99E+05	2.32E+01
459	4.58E+06	4.97E+05	2.33E+01
460	4.59E+06	5.11E+05	2.32E+01
461	4.60E+06	5.11E+05	2.32E+01
462	4.61E+06	4.95E+05	2.33E+01
463	4.62E+06	5.11E+05	2.33E+01
464	4.63E+06	5.03E+05	2.31E+01
465	4.64E+06	4.95E+05	2.33E+01
466	4.65E+06	5.11E+05	2.32E+01
467	4.66E+06	4.97E+05	2.33E+01
468	4.67E+06	5.07E+05	2.33E+01
469	4.68E+06	5.13E+05	2.32E+01
470	4.69E+06	5.11E+05	2.33E+01
471	4.70E+06	5.01E+05	2.33E+01
472	4.71E+06	4.99E+05	2.32E+01
473	4.72E+06	5.07E+05	2.33E+01
474	4.73E+06	5.19E+05	2.32E+01
475	4.74E+06	5.17E+05	2.32E+01
476	4.75E+06	5.11E+05	2.33E+01
477	4.76E+06	4.93E+05	2.33E+01
478	4.77E+06	5.07E+05	2.33E+01
479	4.78E+06	5.17E+05	2.32E+01
480	4.79E+06	5.03E+05	2.33E+01
481	4.80E+06	5.05E+05	2.30E+01
482	4.81E+06	4.74E+05	2.34E+01
483	4.82E+06	5.11E+05	2.32E+01
484	4.83E+06	5.03E+05	2.34E+01
485	4.84E+06	4.99E+05	2.32E+01
486	4.85E+06	5.09E+05	2.32E+01
487	4.86E+06	5.07E+05	2.32E+01
488	4.87E+06	4.91E+05	2.33E+01
489	4.88E+06	4.95E+05	2.33E+01
490	4.89E+06	5.13E+05	2.32E+01
491	4.90E+06	4.93E+05	2.31E+01
492	4.91E+06	5.13E+05	2.30E+01
493	4.92E+06	5.07E+05	2.32E+01
494	4.93E+06	5.07E+05	2.32E+01
495	4.94E+06	5.07E+05	2.32E+01
496	4.95E+06	5.01E+05	2.32E+01
497	4.96E+06	5.09E+05	2.32E+01
498	4.97E+06	5.17E+05	2.32E+01
499	4.98E+06	5.07E+05	2.33E+01
500	4.99E+06	5.07E+05	2.33E+01
501	5.00E+06	5.15E+05	2.31E+01
502	5.01E+06	4.91E+05	2.33E+01
503	5.02E+06	5.13E+05	2.33E+01
504	5.03E+06	5.01E+05	2.32E+01
505	5.04E+06	5.05E+05	2.32E+01
506	5.05E+06	5.01E+05	2.32E+01
507	5.06E+06	4.97E+05	2.32E+01
508	5.07E+06	5.30E+05	2.32E+01
509	5.08E+06	5.09E+05	2.34E+01
510	5.09E+06	5.07E+05	2.32E+01
511	5.10E+06	5.05E+05	2.33E+01
512	5.11E+06	5.09E+05	2.32E+01
513	5.12E+06	5.07E+05	2.33E+01
514	5.13E+06	5.17E+05	2.32E+01
515	5.14E+06	5.05E+05	2.32E+01
516	5.15E+06	5.11E+05	2.34E+01
517	5.16E+06	5.05E+05	2.33E+01
518	5.17E+06	5.26E+05	2.32E+01
519	5.18E+06	5.11E+05	2.32E+01
520	5.19E+06	5.15E+05	2.32E+01
521	5.20E+06	5.13E+05	2.32E+01
522	5.21E+06	5.11E+05	2.30E+01
523	5.22E+06	5.11E+05	2.32E+01
524	5.23E+06	5.09E+05	2.32E+01
525	5.24E+06	4.93E+05	2.33E+01
526	5.25E+06	5.01E+05	2.32E+01
527	5.26E+06	4.97E+05	2.32E+01
528	5.27E+06	5.03E+05	2.33E+01
529	5.28E+06	5.11E+05	2.31E+01
530	5.29E+06	5.05E+05	2.32E+01
531	5.30E+06	5.01E+05	2.31E+01
532	5.31E+06	5.17E+05	2.32E+01
533	5.32E+06	5.03E+05	2.33E+01
534	5.33E+06	5.15E+05	2.33E+01
535	5.34E+06	5.13E+05	2.32E+01
536	5.35E+06	5.11E+05	2.32E+01
537	5.36E+06	5.03E+05	2.32E+01
538	5.37E+06	5.03E+05	2.32E+01
539	5.38E+06	5.05E+05	2.33E+01
540	5.39E+06	5.15E+05	2.33E+01
541	5.40E+06	5.15E+05	2.32E+01
542	5.41E+06	5.09E+05	2.32E+01
543	5.42E+06	5.03E+05	2.34E+01
544	5.43E+06	5.15E+05	2.32E+01
545	5.44E+06	4.91E+05	2.33E+01
546	5.45E+06	4.95E+05	2.33E+01
547	5.46E+06	4.93E+05	2.32E+01
548	5.47E+06	5.11E+05	2.33E+01
549	5.48E+06	5.09E+05	2.32E+01
550	5.49E+06	5.11E+05	2.33E+01
551	5.50E+06	5.09E+05	2.33E+01
552	5.51E+06	4.99E+05	2.32E+01
553	5.52E+06	5.15E+05	2.32E+01
554	5.53E+06	5.26E+05	2.33E+01
555	5.54E+06	4.89E+05	2.32E+01
556	5.55E+06	5.07E+05	2.33E+01
557	5.56E+06	5.05E+05	2.35E+01
558	5.57E+06	5.05E+05	2.33E+01
559	5.58E+06	5.11E+05	2.33E+01
560	5.59E+06	5.09E+05	2.33E+01
561	5.60E+06	5.03E+05	2.32E+01
562	5.61E+06	4.93E+05	2.32E+01
563	5.62E+06	5.03E+05	2.33E+01
564	5.63E+06	5.09E+05	2.32E+01
565	5.64E+06	5.09E+05	2.31E+01
566	5.65E+06	5.11E+05	2.33E+01
567	5.66E+06	5.19E+05	2.30E+01
568	5.67E+06	5.03E+05	2.32E+01
569	5.68E+06	5.15E+05	2.33E+01
570	5.69E+06	5.03E+05	2.33E+01
571	5.70E+06	4.95E+05	2.35E+01
572	5.71E+06	4.99E+05	2.34E+01
573	5.72E+06	5.17E+05	2.33E+01
574	5.73E+06	5.03E+05	2.32E+01
575	5.74E+06	5.09E+05	2.33E+01
576	5.75E+06	4.99E+05	2.32E+01
577	5.76E+06	5.13E+05	2.32E+01
578	5.77E+06	5.11E+05	2.32E+01
579	5.78E+06	5.11E+05	2.32E+01
580	5.79E+06	4.93E+05	2.33E+01
581	5.80E+06	5.03E+05	2.33E+01
582	5.81E+06	4.93E+05	2.33E+01
583	5.82E+06	4.85E+05	2.32E+01
584	5.83E+06	5.03E+05	2.32E+01
585	5.84E+06	4.97E+05	2.32E+01
586	5.85E+06	5.17E+05	2.32E+01
587	5.86E+06	5.09E+05	2.35E+01
588	5.87E+06	5.05E+05	2.32E+01
589	5.88E+06	5.03E+05	2.33E+01
590	5.89E+06	5.03E+05	2.34E+01
591	5.90E+06	5.09E+05	2.33E+01
592	5.91E+06	5.19E+05	2.31E+01
593	5.92E+06	5.17E+05	2.32E+01
594	5.93E+06	4.95E+05	2.32E+01
595	5.94E+06	5.19E+05	2.33E+01
596	5.95E+06	4.91E+05	2.32E+01
597	5.96E+06	5.03E+05	2.35E+01
598	5.97E+06	5.13E+05	2.32E+01
599	5.98E+06	4.99E+05	2.32E+01
600	5.99E+06	5.05E+05	2.33E+01
601	6.00E+06	5.11E+05	2.33E+01
602	6.01E+06	5.17E+05	2.31E+01
603	6.02E+06	5.07E+05	2.33E+01
604	6.03E+06	5.05E+05	2.32E+01
605	6.04E+06	4.97E+05	2.32E+01
606	6.05E+06	5.07E+05	2.32E+01
607	6.06E+06	4.97E+05	2.33E+01
608	6.07E+06	5.23E+05	2.33E+01
609	6.08E+06	5.07E+05	2.33E+01
610	6.09E+06	5.19E+05	2.33E+01
611	6.10E+06	5.01E+05	2.32E+01
612	6.11E+06	5.13E+05	2.31E+01
613	6.12E+06	5.03E+05	2.31E+01
614	6.13E+06	5.13E+05	2.32E+01
615	6.14E+06	5.09E+05	2.31E+01
616	6.15E+06	5.11E+05	2.33E+01
617	6.16E+06	5.13E+05	2.31E+01
618	6.17E+06	5.03E+05	2.32E+01
619	6.18E+06	5.09E+05	2.32E+01
620	6.19E+06	5.07E+05	2.32E+01
621	6.20E+06	5.05E+05	2.31E+01
622	6.21E+06	5.05E+05	2.33E+01
623	6.22E+06	5.07E+05	2.33E+01
624	6.23E+06	4.95E+05	2.33E+01
625	6.24E+06	5.07E+05	2.34E+01
626	6.25E+06	4.97E+05	2.33E+01
627	6.26E+06	5.09E+05	2.31E+01
628	6.27E+06	4.91E+05	2.34E+01
629	6.28E+06	4.95E+05	2.33E+01
630	6.29E+06	5.13E+05	2.32E+01
631	6.30E+06	4.97E+05	2.33E+01
632	6.31E+06	4.97E+05	2.32E+01
633	6.32E+06	5.13E+05	2.32E+01
634	6.33E+06	4.99E+05	2.32E+01
635	6.34E+06	5.19E+05	2.32E+01
636	6.35E+06	5.15E+05	2.32E+01
637	6.36E+06	5.05E+05	2.33E+01
638	6.37E+06	5.11E+05	2.32E+01
639	6.38E+06	5.01E+05	2.32E+01
640	6.39E+06	5.09E+05	2.31E+01
641	6.40E+06	5.17E+05	2.33E+01
642	6.41E+06	4.95E+05	2.32E+01
643	6.42E+06	5.09E+05	2.32E+01
644	6.43E+06	4.97E+05	2.33E+01
645	6.44E+06	5.01E+05	2.33E+01
646	6.45E+06	5.11E+05	2.32E+01
647	6.46E+06	5.07E+05	2.32E+01
648	6.47E+06	5.09E+05	2.33E+01
649	6.48E+06	5.09E+05	2.33E+01
650	6.49E+06	4.91E+05	2.33E+01
651	6.50E+06	5.01E+05	2.32E+01
652	6.51E+06	5.13E+05	2.32E+01
653	6.52E+06	5.15E+05	2.32E+01
654	6.53E+06	5.15E+05	2.31E+01
655	6.54E+06	5.11E+05	2.32E+01
656	6.55E+06	4.89E+05	2.33E+01
657	6.56E+06	4.97E+05	2.32E+01
658	6.57E+06	5.09E+05	2.33E+01
659	6.58E+06	5.17E+05	2.32E+01
660	6.59E+06	5.17E+05	2.32E+01
661	6.60E+06	4.93E+05	2.32E+01
662	6.61E+06	4.93E+05	2.33E+01
663	6.62E+06	5.09E+05	2.32E+01
664	6.63E+06	4.93E+05	2.32E+01
665	6.64E+06	5.01E+05	2.32E+01
666	6.65E+06	5.07E+05	2.32E+01
667	6.66E+06	5.07E+05	2.33E+01
668	6.67E+06	5.30E+05	2.31E+01
669	6.68E+06	5.09E+05	2.33E+01
670	6.69E+06	4.95E+05	2.33E+01
671	6.70E+06	5.23E+05	2.33E+01
672	6.71E+06	5.03E+05	2.34E+01
673	6.72E+06	4.99E+05	2.35E+01
674	6.73E+06	5.05E+05	2.32E+01
675	6.74E+06	5.03E+05	2.33E+01
676	6.75E+06	5.03E+05	2.33E+01
677	6.76E+06	5.03E+05	2.33E+01
678	6.77E+06	5.19E+05	2.32E+01
679	6.78E+06	5.07E+05	2.34E+01
680	6.79E+06	5.05E+05	2.34E+01
681	6.80E+06	5.03E+05	2.32E+01
682	6.81E+06	5.23E+05	2.32E+01
683	6.82E+06	4.97E+05	2.33E+01
684	6.83E+06	5.15E+05	2.33E+01
685	6.84E+06	5.01E+05	2.32E+01
686	6.85E+06	5.11E+05	2.32E+01
687	6.86E+06	5.03E+05	2.33E+01
688	6.87E+06	5.03E+05	2.32E+01
689	6.88E+06	5.11E+05	2.31E+01
690	6.89E+06	5.13E+05	2.32E+01
691	6.90E+06	5.17E+05	2.33E+01
692	6.91E+06	5.03E+05	2.33E+01
693	6.92E+06	5.13E+05	2.33E+01
694	6.93E+06	4.97E+05	2.32E+01
695	6.94E+06	5.07E+05	2.33E+01
696	6.95E+06	5.05E+05	2.33E+01
697	6.96E+06	4.93E+05	2.33E+01
698	6.97E+06	5.05E+05	2.33E+01
699	6.98E+06	5.17E+05	2.32E+01
700	6.99E+06	5.19E+05	2.34E+01
701	7.00E+06	5.03E+05	2.33E+01
702	7.01E+06	5.05E+05	2.32E+01
703	7.02E+06	5.11E+05	2.33E+01
704	7.03E+06	5.13E+05	2.31E+01
705	7.04E+06	5.07E+05	2.33E+01
706	7.05E+06	5.11E+05	2.32E+01
707	7.06E+06	4.97E+05	2.33E+01
708	7.07E+06	4.97E+05	2.33E+01
709	7.08E+06	5.15E+05	2.33E+01
710	7.09E+06	5.07E+05	2.35E+01
711	7.10E+06	5.03E+05	2.33E+01
712	7.11E+06	5.03E+05	2.32E+01
713	7.12E+06	5.21E+05	2.32E+01
714	7.13E+06	5.09E+05	2.33E+01
715	7.14E+06	5.03E+05	2.32E+01
716	7.15E+06	4.95E+05	2.32E+01
717	7.16E+06	5.07E+05	2.33E+01
718	7.17E+06	5.13E+05	2.32E+01
719	7.18E+06	5.09E+05	2.30E+01
720	7.19E+06	5.11E+05	2.32E+01
721	7.20E+06	5.03E+05	2.33E+01
722	7.21E+06	5.07E+05	2.32E+01
723	7.22E+06	5.15E+05	2.32E+01
724	7.23E+06	5.01E+05	2.33E+01
725	7.24E+06	4.84E+05	2.32E+01
726	7.25E+06	4.95E+05	2.32E+01
727	7.26E+06	5.09E+05	2.34E+01
728	7.27E+06	5.09E+05	2.32E+01
729	7.28E+06	5.11E+05	2.33E+01
730	7.29E+06	5.09E+05	2.33E+01
731	7.30E+06	5.07E+05	2.33E+01
732	7.31E+06	5.07E+05	2.33E+01
733	7.32E+06	5.03E+05	2.34E+01
734	7.33E+06	5.17E+05	2.32E+01
735	7.34E+06	5.05E+05	2.33E+01
736	7.35E+06	5.19E+05	2.32E+01
737	7.36E+06	4.93E+05	2.32E+01
738	7.37E+06	5.15E+05	2.34E+01
739	7.38E+06	5.05E+05	2.32E+01
740	7.39E+06	5.09E+05	2.32E+01
741	7.40E+06	5.11E+05	2.33E+01
742	7.41E+06	5.11E+05	2.33E+01
743	7.42E+06	5.11E+05	2.33E+01
744	7.43E+06	5.11E+05	2.33E+01
745	7.44E+06	5.09E+05	2.32E+01
746	7.45E+06	5.07E+05	2.33E+01
747	7.46E+06	4.93E+05	2.33E+01
748	7.47E+06	5.11E+05	2.32E+01
749	7.48E+06	5.05E+05	2.32E+01
750	7.49E+06	5.25E+05	2.32E+01
751	7.50E+06	4.95E+05	2.33E+01
752	7.51E+06	5.05E+05	2.33E+01
753	7.52E+06	5.11E+05	2.32E+01
754	7.53E+06	5.03E+05	2.35E+01
755	7.54E+06	5.09E+05	2.32E+01
756	7.55E+06	5.03E+05	2.32E+01
757	7.56E+06	5.01E+05	2.33E+01
758	7.57E+06	4.95E+05	2.32E+01
759	7.58E+06	5.11E+05	2.33E+01
760	7.59E+06	5.03E+05	2.33E+01
761	7.60E+06	5.09E+05	2.33E+01
762	7.61E+06	4.95E+05	2.33E+01
763	7.62E+06	5.17E+05	2.31E+01
764	7.63E+06	5.09E+05	2.32E+01
765	7.64E+06	5.05E+05	2.32E+01
766	7.65E+06	5.05E+05	2.32E+01
767	7.66E+06	5.01E+05	2.32E+01
768	7.67E+06	5.03E+05	2.33E+01
769	7.68E+06	4.97E+05	2.34E+01
770	7.69E+06	5.25E+05	2.32E+01
771	7.70E+06	5.05E+05	2.33E+01
772	7.71E+06	4.99E+05	2.33E+01
773	7.72E+06	5.07E+05	2.33E+01
774	7.73E+06	5.13E+05	2.33E+01
775	7.74E+06	4.95E+05	2.32E+01
776	7.75E+06	5.17E+05	2.33E+01
777	7.76E+06	5.11E+05	2.32E+01
778	7.77E+06	5.25E+05	2.33E+01
779	7.78E+06	5.07E+05	2.32E+01
780	7.79E+06	5.17E+05	2.32E+01
781	7.80E+06	5.15E+05	2.31E+01
782	7.81E+06	5.19E+05	2.33E+01
783	7.82E+06	5.09E+05	2.33E+01
784	7.83E+06	5.13E+05	2.31E+01
785	7.84E+06	4.95E+05	2.33E+01
786	7.85E+06	5.05E+05	2.31E+01
787	7.86E+06	5.03E+05	2.32E+01
788	7.87E+06	4.97E+05	2.33E+01
789	7.88E+06	4.99E+05	2.33E+01
790	7.89E+06	5.11E+05	2.33E+01
791	7.90E+06	4.95E+05	2.33E+01
792	7.91E+06	4.95E+05	2.33E+01
793	7.92E+06	4.93E+05	2.32E+01
794	7.93E+06	5.05E+05	2.33E+01
795	7.94E+06	5.13E+05	2.31E+01
796	7.95E+06	5.09E+05	2.32E+01
797	7.96E+06	5.13E+05	2.33E+01
798	7.97E+06	4.99E+05	2.32E+01
799	7.98E+06	5.11E+05	2.33E+01
800	7.99E+06	5.15E+05	2.33E+01
801	8.00E+06	5.15E+05	2.32E+01
802	8.01E+06	5.03E+05	2.32E+01
803	8.02E+06	5.11E+05	2.32E+01
804	8.03E+06	5.07E+05	2.32E+01
805	8.04E+06	5.09E+05	2.31E+01
806	8.05E+06	5.03E+05	2.33E+01
807	8.06E+06	4.97E+05	2.33E+01
808	8.07E+06	5.13E+05	2.32E+01
809	8.08E+06	5.25E+05	2.32E+01
810	8.09E+06	5.11E+05	2.33E+01
811	8.10E+06	5.17E+05	2.32E+01
812	8.11E+06	4.93E+05	2.33E+01
813	8.12E+06	5.09E+05	2.33E+01
814	8.13E+06	5.07E+05	2.33E+01
815	8.14E+06	4.95E+05	2.33E+01
816	8.15E+06	5.13E+05	2.33E+01
817	8.16E+06	5.05E+05	2.32E+01
818	8.17E+06	4.95E+05	2.33E+01
819	8.18E+06	5.03E+05	2.33E+01
820	8.19E+06	5.03E+05	2.32E+01
821	8.20E+06	5.11E+05	2.32E+01
822	8.21E+06	5.05E+05	2.33E+01
823	8.22E+06	5.07E+05	2.34E+01
824	8.23E+06	5.05E+05	2.33E+01
825	8.24E+06	5.23E+05	2.32E+01
826	8.25E+06	5.13E+05	2.32E+01
827	8.26E+06	5.13E+05	2.34E+01
828	8.27E+06	5.23E+05	2.31E+01
829	8.28E+06	5.17E+05	2.32E+01
830	8.29E+06	5.21E+05	2.33E+01
831	8.30E+06	5.11E+05	2.33E+01
832	8.31E+06	4.97E+05	2.33E+01
833	8.32E+06	5.25E+05	2.32E+01
834	8.33E+06	5.11E+05	2.32E+01
835	8.34E+06	4.95E+05	2.34E+01
836	8.35E+06	5.01E+05	2.32E+01
837	8.36E+06	5.13E+05	2.32E+01
838	8.37E+06	5.01E+05	2.33E+01
839	8.38E+06	5.01E+05	2.33E+01
840	8.39E+06	4.95E+05	2.34E+01
841	8.40E+06	5.07E+05	2.33E+01
842	8.41E+06	4.97E+05	2.33E+01
843	8.42E+06	5.15E+05	2.32E+01
844	8.43E+06	5.07E+05	2.33E+01
845	8.44E+06	5.07E+05	2.32E+01
846	8.45E+06	5.01E+05	2.32E+01
847	8.46E+06	5.01E+05	2.32E+01
848	8.47E+06	5.01E+05	2.33E+01
849	8.48E+06	5.03E+05	2.31E+01
850	8.49E+06	5.09E+05	2.32E+01
851	8.50E+06	5.01E+05	2.33E+01
852	8.51E+06	5.09E+05	2.33E+01
853	8.52E+06	5.11E+05	2.32E+01
854	8.53E+06	5.05E+05	2.32E+01
855	8.54E+06	4.99E+05	2.33E+01
856	8.55E+06	5.17E+05	2.33E+01
857	8.56E+06	5.09E+05	2.32E+01
858	8.57E+06	5.01E+05	2.32E+01
859	8.58E+06	5.05E+05	2.33E+01
860	8.59E+06	5.01E+05	2.32E+01
861	8.60E+06	5.05E+05	2.33E+01
862	8.61E+06	5.03E+05	2.33E+01
863	8.62E+06	5.05E+05	2.33E+01
864	8.63E+06	5.01E+05	2.34E+01
865	8.64E+06	4.97E+05	2.33E+01
866	8.65E+06	5.15E+05	2.32E+01
867	8.66E+06	5.03E+05	2.32E+01
868	8.67E+06	5.19E+05	2.31E+01
869	8.68E+06	5.05E+05	2.33E+01
870	8.69E+06	5.19E+05	2.32E+01
871	8.70E+06	5.07E+05	2.31E+01
872	8.71E+06	4.93E+05	2.33E+01
873	8.72E+06	5.03E+05	2.33E+01
874	8.73E+06	5.07E+05	2.33E+01
875	8.74E+06	5.15E+05	2.33E+01
876	8.75E+06	5.11E+05	2.32E+01
877	8.76E+06	5.07E+05	2.33E+01
878	8.77E+06	5.11E+05	2.31E+01
879	8.78E+06	5.01E+05	2.33E+01
880	8.79E+06	5.05E+05	2.32E+01
881	8.80E+06	4.95E+05	2.32E+01
882	8.81E+06	5.05E+05	2.32E+01
883	8.82E+06	5.07E+05	2.32E+01
884	8.83E+06	5.11E+05	2.32E+01
885	8.84E+06	5.07E+05	2.32E+01
886	8.85E+06	5.15E+05	2.31E+01
887	8.86E+06	5.17E+05	2.32E+01
888	8.87E+06	4.97E+05	2.33E+01
889	8.88E+06	5.03E+05	2.32E+01
890	8.89E+06	5.19E+05	2.32E+01
891	8.90E+06	5.13E+05	2.33E+01
892	8.91E+06	5.05E+05	2.33E+01
893	8.92E+06	5.17E+05	2.32E+01
894	8.93E+06	4.89E+05	2.33E+01
895	8.94E+06	5.05E+05	2.33E+01
896	8.95E+06	5.11E+05	2.33E+01
897	8.96E+06	5.01E+05	2.33E+01
898	8.97E+06	4.99E+05	2.30E+01
899	8.98E+06	4.99E+05	2.33E+01
900	8.99E+06	5.01E+05	2.33E+01
901	9.00E+06	5.09E+05	2.33E+01
902	9.01E+06	5.01E+05	2.32E+01
903	9.02E+06	5.11E+05	2.32E+01
904	9.03E+06	5.15E+05	2.33E+01
905	9.04E+06	5.09E+05	2.32E+01
906	9.05E+06	5.09E+05	2.32E+01
907	9.06E+06	5.03E+05	2.32E+01
908	9.07E+06	5.05E+05	2.33E+01
909	9.08E+06	5.11E+05	2.32E+01
910	9.09E+06	5.07E+05	2.32E+01
911	9.10E+06	4.99E+05	2.33E+01
912	9.11E+06	5.05E+05	2.32E+01
913	9.12E+06	5.17E+05	2.32E+01
914	9.13E+06	5.07E+05	2.32E+01
915	9.14E+06	4.89E+05	2.33E+01
916	9.15E+06	4.93E+05	2.34E+01
917	9.16E+06	4.95E+05	2.34E+01
918	9.17E+06	5.15E+05	2.32E+01
919	9.18E+06	5.05E+05	2.33E+01
920	9.19E+06	5.13E+05	2.33E+01
921	9.20E+06	4.95E+05	2.32E+01
922	9.21E+06	5.13E+05	2.32E+01
923	9.22E+06	5.11E+05	2.32E+01
924	9.23E+06	5.01E+05	2.33E+01
925	9.24E+06	4.85E+05	2.33E+01
926	9.25E+06	5.11E+05	2.32E+01
927	9.26E+06	5.09E+05	2.33E+01
928	9.27E+06	5.03E+05	2.33E+01
929	9.28E+06	5.17E+05	2.32E+01
930	9.29E+06	4.93E+05	2.35E+01
931	9.30E+06	5.11E+05	2.32E+01
932	9.31E+06	5.19E+05	2.31E+01
933	9.32E+06	4.99E+05	2.35E+01
934	9.33E+06	5.05E+05	2.32E+01
935	9.34E+06	4.97E+05	2.33E+01
936	9.35E+06	5.19E+05	2.33E+01
937	9.36E+06	5.01E+05	2.30E+01
938	9.37E+06	5.01E+05	2.33E+01
939	9.38E+06	5.13E+05	2.32E+01
940	9.39E+06	5.07E+05	2.33E+01
941	9.40E+06	5.01E+05	2.32E+01
942	9.41E+06	5.05E+05	2.32E+01
943	9.42E+06	5.11E+05	2.34E+01
944	9.43E+06	5.07E+05	2.32E+01
945	9.44E+06	5.07E+05	2.32E+01
946	9.45E+06	4.97E+05	2.32E+01
947	9.46E+06	5.03E+05	2.32E+01
948	9.47E+06	4.91E+05	2.34E+01
949	9.48E+06	5.19E+05	2.32E+01
950	9.49E+06	5.09E+05	2.32E+01
951	9.50E+06	5.13E+05	2.32E+01
952	9.51E+06	5.01E+05	2.33E+01
953	9.52E+06	5.11E+05	2.33E+01
954	9.53E+06	5.11E+05	2.33E+01
955	9.54E+06	4.93E+05	2.34E+01
956	9.55E+06	5.01E+05	2.32E+01
957	9.56E+06	4.99E+05	2.33E+01
958	9.57E+06	5.01E+05	2.33E+01
959	9.58E+06	5.07E+05	2.32E+01
960	9.59E+06	5.09E+05	2.34E+01
961	9.60E+06	5.07E+05	2.33E+01
962	9.61E+06	4.93E+05	2.33E+01
963	9.62E+06	5.17E+05	2.32E+01
964	9.63E+06	5.03E+05	2.33E+01
965	9.64E+06	5.03E+05	2.32E+01
966	9.65E+06	5.17E+05	2.32E+01
967	9.66E+06	4.97E+05	2.33E+01
968	9.67E+06	5.09E+05	2.32E+01
969	9.68E+06	5.15E+05	2.32E+01
970	9.69E+06	5.11E+05	2.35E+01
971	9.70E+06	5.03E+05	2.36E+01
972	9.71E+06	5.09E+05	2.32E+01
973	9.72E+06	5.05E+05	2.33E+01
974	9.73E+06	5.13E+05	2.33E+01
975	9.74E+06	5.05E+05	2.33E+01
976	9.75E+06	5.05E+05	2.32E+01
977	9.76E+06	5.01E+05	2.34E+01
978	9.77E+06	5.09E+05	2.32E+01
979	9.78E+06	5.05E+05	2.33E+01
980	9.79E+06	4.93E+05	2.33E+01
981	9.80E+06	5.01E+05	2.33E+01
982	9.81E+06	4.97E+05	2.33E+01
983	9.82E+06	5.07E+05	2.33E+01
984	9.83E+06	5.17E+05	2.31E+01
985	9.84E+06	5.23E+05	2.32E+01
986	9.85E+06	5.07E+05	2.32E+01
987	9.86E+06	5.11E+05	2.34E+01
988	9.87E+06	5.01E+05	2.32E+01
989	9.88E+06	5.25E+05	2.32E+01
990	9.89E+06	5.11E+05	2.32E+01
991	9.90E+06	5.05E+05	2.33E+01
992	9.91E+06	5.07E+05	2.30E+01
993	9.92E+06	5.03E+05	2.33E+01
994	9.93E+06	5.03E+05	2.33E+01
995	9.94E+06	4.93E+05	2.33E+01
996	9.95E+06	5.05E+05	2.33E+01
997	9.96E+06	4.93E+05	2.32E+01
998	9.97E+06	5.19E+05	2.32E+01
999	9.98E+06	4.99E+05	2.33E+01
1000	9.99E+06	5.15E+05	2.32E+01
1001	1.00E+07	5.09E+05	2.34E+01
